
700	-125.438386541568
701	-124.592704889963
702	-123.747822945737
703	-122.903733938379
704	-122.060431128865
705	-121.217907809692
706	-120.37615730485
707	-119.535172969201
708	-118.694948188704
709	-117.855476379836
710	-117.016750989901
711	-116.178765496317
712	-115.341513406864
713	-114.50498825933
714	-113.669183621363
715	-112.834093090178
716	-111.999710292566
717	-111.166028884587
718	-110.333042551878
719	-109.500745008473
720	-108.66912999765
721	-107.83819129147
722	-107.007922690175
723	-106.178318022723
724	-105.349371146216
725	-104.521075945879
726	-103.693426334782
727	-102.866416253923
728	-102.040039672035
729	-101.21429058501
730	-100.38916301666
731	-99.5646510176311
732	-98.7407486658576
733	-97.9174500662797
734	-97.0947493506752
735	-96.2726406775405
736	-95.4511182319875
737	-94.6301762255967
738	-93.8098088963924
739	-92.9900105085191
740	-92.170775352393
741	-91.3520977444648
742	-90.533972026899
743	-89.7163925678134
744	-88.8993537609885
745	-88.0828500258086
746	-87.2668758070878
747	-86.4514255751167
748	-85.6364938252521
749	-84.8220750783026
750	-84.0081638800399
751	-83.1947548011969
752	-82.3818424374396
753	-81.569421409294
754	-80.7574863619099
755	-79.9460319652679
756	-79.135052913644
757	-78.3245439260524
758	-77.5144997456771
759	-76.7049151402551
760	-75.8957849016353
761	-75.0871038457952
762	-74.2788668129799
763	-73.4710686673528
764	-72.6637042970119
765	-71.856768614168
766	-71.0502565545133
767	-70.2441630779874
768	-69.4384831679824
769	-68.6332118314204
770	-67.8283440992276
771	-67.0238750255676
772	-66.2197996882256
773	-65.4161131885991
774	-64.6128106512595
775	-63.8098872243187
776	-63.0073380791008
777	-62.2051584105327
778	-61.4033434363633
779	-60.6018883977912
780	-59.8007885593298
781	-59.000039208442
782	-58.199635655862
783	-57.3995732353144
784	-56.5998473038198
785	-55.800453241136
786	-55.0013864504031
787	-54.2026423575269
788	-53.404216411499
789	-52.6061040845033
790	-51.8083008713363
791	-51.0108022900637
792	-50.2136038816007
793	-49.4167012099377
794	-48.6200898617831
795	-47.823765447066
796	-47.0277235985862
797	-46.231959972074
798	-45.4364702461668
799	-44.641250122878
800	-43.8462953265663
801	-43.0516016051678
802	-42.2571647293553
803	-41.4629804929738
804	-40.6690447128277
805	-39.8753532289397
806	-39.0819019042928
807	-38.2886866250847
808	-37.4957033007606
809	-36.7029478638203
810	-35.9104162700325
811	-35.118104498588
812	-34.3260085518073
813	-33.5341244554798
814	-32.7424482588019
815	-31.9509760343561
816	-31.1597038781373
817	-30.3686279100385
818	-29.5777442731157
819	-28.7870491343993
820	-27.9965386845493
821	-27.2062091379616
822	-26.4160567329144
823	-25.626077731738
824	-24.8362684205853
825	-24.0466251096149
826	-23.2571441334849
827	-22.4678218505482
828	-21.678654643874
829	-20.8896389207557
830	-20.1007711130665
831	-19.3120476770286
832	-18.5234650936221
833	-17.7350198687688
834	-16.9467085328663
835	-16.1585276415444
836	-15.3704737754852
837	-14.5825435401666
838	-13.7947335669743
839	-13.0070405120122
840	-12.2194610573438
841	-11.4319919103968
842	-10.6446298044499
843	-9.85737149873247
844	-9.07021377815978
845	-8.28315345411121
846	-7.49618736401247
847	-6.70931237175028
848	-5.92252536774673
849	-5.13582326913382
850	-4.34920301976608
851	-3.56266159058866
852	-2.77619597968835
853	-1.98980321225011
854	-1.20348034115093
855	-0.417224446740056
856	0.368967362752483
857	1.15509795126582
858	1.94117015459173
859	2.72718678020079
860	3.51315060694924
861	4.2990643851887
862	5.08493083630867
863	5.87075265279013
864	6.65653249763128
865	7.44227300465786
866	8.22797677782397
867	9.01364639127855
868	9.79928438907012
869	10.5848932851491
870	11.3704755625915
871	12.1560336742522
872	12.9415700414767
873	13.7270870548073
874	14.5125870732047
875	15.2980724240941
876	16.0835454026944
877	16.8690082723878
878	17.6544632639674
879	18.439912575717
880	19.2253583727802
881	20.010802787274
882	20.7962479177606
883	21.5816958290527
884	22.3671485521652
885	23.1526080834955
886	23.9380763849507
887	24.7235553838096
888	25.5090469717101
889	26.2945530052534
890	27.080075304928
891	27.8656156554371
892	28.6511758046807
893	29.4367574641641
894	30.2223623081138
895	31.0079919734554
896	31.7936480593636
897	32.5793321268925
898	33.3650456987586
899	34.1507902588693
900	34.9365672518078
901	35.7223780830009
902	36.5082241176674
903	37.2941066810923
904	38.0800270577252
905	38.8659864909273
906	39.6519861829602
907	40.4380272940964
908	41.2241109422924
909	42.0102382031328
910	42.7964101090619
911	43.5826276490053
912	44.3688917681703
913	45.1552033672669
914	45.9415633024058
915	46.7279723844375
916	47.514431378521
917	48.3009410037842
918	49.0875019328834
919	49.8741147910915
920	50.6607801564379
921	51.4474985588988
922	52.2342704799458
923	53.0210963520042
924	53.8079765579528
925	54.5949114308187
926	55.381901252896
927	56.1689462555539
928	56.9560466183936
929	57.7432024690728
930	58.5304138824371
931	59.3176808801131
932	60.105003429856
933	60.8923814452133
934	61.6798147844559
935	62.4673032506444
936	63.254846590375
937	64.042444493816
938	64.8300965933924
939	65.6178024639227
940	66.4055616212645
941	67.1933735222665
942	67.9812375638412
943	68.7691530821889
944	69.5571193526163
945	70.3451355881662
946	71.1332009395902
947	71.9213144942998
948	72.7094752756801
949	73.497682242603
950	74.285934288476
951	75.0742302405565
952	75.8625688593654
953	76.6509488378052
954	77.4393688004693
955	78.2278273028346
956	79.0163228304029
957	79.8048537982367
958	80.5934185496603
959	81.3820153560079
960	82.170642415326
961	82.9592978519273
962	83.7479797152992
963	84.5366859794201
964	85.3254145417379
965	86.1141632224545
966	86.9029297635985
967	87.6917118279625
968	88.4805069985949
969	89.26931277756
970	90.0581265849799
971	90.846945758441
972	91.6357675517602
973	92.4245891338839
974	93.2134075884879
975	94.0022199122998
976	94.7910230145809
977	95.5798137160044
978	96.3685887475537
979	97.1573447495466
980	97.9460782705117
981	98.7347857662304
982	99.5234635986333
983	100.312108034807
984	101.100715245544
985	101.889281304674
986	102.677802187695
987	103.466273770778
988	104.254691829188
989	105.04305203682
990	105.831349964446
991	106.61958107862
992	107.407740740732
993	108.195824205595
994	108.983826620086
995	109.77174302207
996	110.55956833899
997	111.347297386824
998	112.134924868556
999	112.922445372794
1000	113.709853372686
1001	114.497143224471
1002	115.28430916599
1003	116.071345315412
1004	116.858245669858
1005	117.645004103982
1006	118.431614368377
1007	119.218070088412
1008	120.004364762382
1009	120.790491760525
1010	121.576444323039
1011	122.362215558776
1012	123.147798443887
1013	123.933185819753
1014	124.718370392036
1015	125.503344728532
1016	126.288101258086
1017	127.072632268264
1018	127.856929904557
1019	128.640986168189
1020	129.424792914309
1021	130.208341850613
1022	130.991624535692
1023	131.774632376703
1024	132.557356628368
1025	133.339788390738
1026	134.121918607187
1027	134.903738063304
1028	135.685237384207
1029	136.466407033386
1030	137.24723731024
1031	138.027718348671
1032	138.807840114602
1033	139.587592404669
1034	140.366964843553
1035	141.145946882669
1036	141.924527797465
1037	142.702696685872
1038	143.480442466307
1039	144.257753874918
1040	145.034619464199
1041	145.811027600502
1042	146.58696646182
1043	147.362424035969
1044	148.137388118014
1045	148.911846307893
1046	149.685786008979
1047	150.45919442476
1048	151.232058557176
1049	152.004365204274
1050	152.776100957458
1051	153.547252199558
1052	154.317805102249
1053	155.087745623429
1054	155.857059505042
1055	156.625732270467
1056	157.39374922209
1057	158.161095438482
1058	158.927755772453
1059	159.693714847652
1060	160.458957056712
1061	161.223466557908
1062	161.987227273203
1063	162.750222884937
1064	163.512436833487
1065	164.273852314227
1066	165.034452275079
1067	165.794219413499
1068	166.553136173451
1069	167.311184742957
1070	168.068347050936
1071	168.824604764316
1072	169.579939285049
1073	170.334331747366
1074	171.087763014306
1075	171.840213675206
1076	172.591664042129
1077	173.342094147179
1078	174.091483739105
1079	174.839812280364
1080	175.587058943619
1081	176.333202608675
1082	177.078221859286
1083	177.82209498002
1084	178.564799952487
1085	179.306314452494
1086	180.046615846242
1087	180.785681187143
1088	181.523487212423
1089	182.260010339564
1090	182.995226662926
1091	183.729111949843
1092	184.46164163761
1093	185.192790829586
1094	185.9225342914
1095	186.650846447635
1096	187.37770137812
1097	188.103072813818
1098	188.826934133525
1099	189.549258359896
1100	190.270018155657
1101	190.98918581958
1102	191.706733283077
1103	192.422632105801
1104	193.136853471794
1105	193.849368185909
1106	194.560146669191
1107	195.26915895553
1108	195.976374686886
1109	196.681763109811
1110	197.385293070864
1111	198.086933012921
1112	198.786650970407
1113	199.484414565521
1114	200.180191003917
1115	200.873947070309
1116	201.565649124319
1117	202.255263095862
1118	202.942754481131
1119	203.628088337859
1120	204.31122928132
1121	204.992141479356
1122	205.670788648393
1123	206.347134048692
1124	207.021140479646
1125	207.692770275564
1126	208.361985300923
1127	209.028746945622
1128	209.693016120662
1129	210.354753253099
1130	211.013918281706
1131	211.67047065202
1132	212.324369311616
1133	212.975572705607
1134	213.624038771374
1135	214.269724934408
1136	214.912588102757
1137	215.552584662799
1138	216.189670473919
1139	216.823800864062
1140	217.454930624271
1141	218.083014004288
1142	218.70800470748
1143	219.329855885493
1144	219.948520133922
1145	220.563949486762
1146	221.176095411839
1147	221.784908805222
1148	222.390339987145
1149	222.992338695815
1150	223.590854083575
1151	224.18583471062
1152	224.777228541182
1153	225.364982937266
1154	225.949044654658
1155	226.529359836913
1156	227.105874011325
1157	227.678532082768
1158	228.247278329339
1159	228.812056397122
1160	229.372809295144
1161	229.929479390108
1162	230.482008401733
1163	231.030337397227
1164	231.574406786902
1165	232.114156318465
1166	232.649525072801
1167	233.180451457915
1168	233.706873205204
1169	234.228727363696
1170	234.745950295332
1171	235.258477670174
1172	235.766244461565
1173	236.269184940966
1174	236.767232673661
1175	237.260320513608
1176	237.748380598903
1177	238.231344347025
1178	238.709142450171
1179	239.181704870708
1180	239.648960836479
1181	240.110838836691
1182	240.567266616796
1183	241.018171174911
1184	241.463478756918
1185	241.903114852196
1186	242.33700418969
1187	242.765070733929
1188	243.187237680251
1189	243.603427451594
1190	244.013561694035
1191	244.417561273616
1192	244.815346271718
1193	245.206835982133
1194	245.591948907343
1195	245.970602755099
1196	246.342714434754
1197	246.708200054341
1198	247.066974917683
1199	247.418953520702
1200	247.764049549082
