600.0	25.65	-218.02
601.0	25.75	-217.01
602.0	25.85	-216.01
603.0	25.96	-215.01
604.0	26.06	-214.01
605.0	26.16	-213.01
606.0	26.26	-212.01
607.0	26.36	-211.02
608.0	26.46	-210.02
609.0	26.57	-209.03
610.0	26.67	-208.04
611.0	26.77	-207.06
612.0	26.87	-206.07
613.0	26.98	-205.08
614.0	27.08	-204.10
615.0	27.19	-203.12
616.0	27.29	-202.14
617.0	27.40	-201.16
618.0	27.50	-200.19
619.0	27.61	-199.21
620.0	27.71	-198.24
621.0	27.82	-197.27
622.0	27.92	-196.30
623.0	28.03	-195.33
624.0	28.14	-194.36
625.0	28.24	-193.40
626.0	28.35	-192.43
627.0	28.46	-191.47
628.0	28.57	-190.51
629.0	28.68	-189.55
630.0	28.78	-188.59
631.0	28.89	-187.64
632.0	29.00	-186.68
633.0	29.11	-185.73
634.0	29.22	-184.78
635.0	29.33	-183.82
636.0	29.44	-182.88
637.0	29.55	-181.93
638.0	29.66	-180.98
639.0	29.78	-180.04
640.0	29.89	-179.09
641.0	30.00	-178.15
642.0	30.11	-177.21
643.0	30.22	-176.27
644.0	30.34	-175.33
645.0	30.45	-174.39
646.0	30.56	-173.46
647.0	30.68	-172.52
648.0	30.79	-171.59
649.0	30.91	-170.66
650.0	31.02	-169.73
651.0	31.14	-168.80
652.0	31.25	-167.87
653.0	31.37	-166.95
654.0	31.48	-166.02
655.0	31.60	-165.10
656.0	31.72	-164.17
657.0	31.83	-163.25
658.0	31.95	-162.33
659.0	32.07	-161.41
660.0	32.19	-160.49
661.0	32.31	-159.58
662.0	32.42	-158.66
663.0	32.54	-157.75
664.0	32.66	-156.83
665.0	32.78	-155.92
666.0	32.90	-155.01
667.0	33.02	-154.10
668.0	33.14	-153.19
669.0	33.27	-152.28
670.0	33.39	-151.38
671.0	33.51	-150.47
672.0	33.63	-149.57
673.0	33.75	-148.66
674.0	33.88	-147.76
675.0	34.00	-146.86
676.0	34.12	-145.96
677.0	34.25	-145.06
678.0	34.37	-144.16
679.0	34.50	-143.27
680.0	34.62	-142.37
681.0	34.75	-141.48
682.0	34.87	-140.58
683.0	35.00	-139.69
684.0	35.12	-138.80
685.0	35.25	-137.90
686.0	35.38	-137.01
687.0	35.50	-136.13
688.0	35.63	-135.24
689.0	35.76	-134.35
690.0	35.89	-133.46
691.0	36.02	-132.58
692.0	36.15	-131.69
693.0	36.28	-130.81
694.0	36.41	-129.93
695.0	36.54	-129.05
696.0	36.67	-128.17
697.0	36.80	-127.29
698.0	36.93	-126.41
699.0	37.06	-125.53
700.0	37.19	-124.65
701.0	37.33	-123.77
702.0	37.46	-122.90
703.0	37.59	-122.02
704.0	37.72	-121.15
705.0	37.86	-120.28
706.0	37.99	-119.40
707.0	38.13	-118.53
708.0	38.26	-117.66
709.0	38.40	-116.79
710.0	38.53	-115.92
711.0	38.67	-115.06
712.0	38.81	-114.19
713.0	38.94	-113.32
714.0	39.08	-112.45
715.0	39.22	-111.59
716.0	39.36	-110.72
717.0	39.50	-109.86
718.0	39.64	-109.00
719.0	39.77	-108.14
720.0	39.91	-107.27
721.0	40.05	-106.41
722.0	40.20	-105.55
723.0	40.34	-104.69
724.0	40.48	-103.83
725.0	40.62	-102.98
726.0	40.76	-102.12
727.0	40.90	-101.26
728.0	41.05	-100.41
729.0	41.19	-99.55
730.0	41.33	-98.70
731.0	41.48	-97.84
732.0	41.62	-96.99
733.0	41.77	-96.13
734.0	41.91	-95.28
735.0	42.06	-94.43
736.0	42.21	-93.58
737.0	42.35	-92.73
738.0	42.50	-91.88
739.0	42.65	-91.03
740.0	42.80	-90.18
741.0	42.94	-89.33
742.0	43.09	-88.49
743.0	43.24	-87.64
744.0	43.39	-86.79
745.0	43.54	-85.95
746.0	43.69	-85.10
747.0	43.84	-84.26
748.0	43.99	-83.41
749.0	44.15	-82.57
750.0	44.30	-81.72
751.0	44.45	-80.88
752.0	44.60	-80.04
753.0	44.76	-79.20
754.0	44.91	-78.36
755.0	45.07	-77.51
756.0	45.22	-76.67
757.0	45.38	-75.83
758.0	45.53	-74.99
759.0	45.69	-74.16
760.0	45.85	-73.32
761.0	46.00	-72.48
762.0	46.16	-71.64
763.0	46.32	-70.80
764.0	46.48	-69.97
765.0	46.64	-69.13
766.0	46.79	-68.29
767.0	46.95	-67.46
768.0	47.12	-66.62
769.0	47.28	-65.79
770.0	47.44	-64.95
771.0	47.60	-64.12
772.0	47.76	-63.29
773.0	47.92	-62.45
774.0	48.09	-61.62
775.0	48.25	-60.79
776.0	48.41	-59.95
777.0	48.58	-59.12
778.0	48.74	-58.29
779.0	48.91	-57.46
780.0	49.08	-56.63
781.0	49.24	-55.80
782.0	49.41	-54.97
783.0	49.58	-54.14
784.0	49.75	-53.31
785.0	49.91	-52.48
786.0	50.08	-51.65
787.0	50.25	-50.82
788.0	50.42	-49.99
789.0	50.59	-49.16
790.0	50.76	-48.34
791.0	50.93	-47.51
792.0	51.11	-46.68
793.0	51.28	-45.85
794.0	51.45	-45.03
795.0	51.63	-44.20
796.0	51.80	-43.37
797.0	51.97	-42.55
798.0	52.15	-41.72
799.0	52.32	-40.89
800.0	52.50	-40.07
801.0	52.68	-39.24
802.0	52.85	-38.42
803.0	53.03	-37.59
804.0	53.21	-36.77
805.0	53.39	-35.94
806.0	53.57	-35.12
807.0	53.75	-34.29
808.0	53.93	-33.47
809.0	54.11	-32.64
810.0	54.29	-31.82
811.0	54.47	-31.00
812.0	54.65	-30.17
813.0	54.84	-29.35
814.0	55.02	-28.52
815.0	55.20	-27.70
816.0	55.39	-26.88
817.0	55.57	-26.05
818.0	55.76	-25.23
819.0	55.95	-24.41
820.0	56.13	-23.58
821.0	56.32	-22.76
822.0	56.51	-21.94
823.0	56.70	-21.12
824.0	56.89	-20.29
825.0	57.08	-19.47
826.0	57.27	-18.65
827.0	57.46	-17.83
828.0	57.65	-17.00
829.0	57.84	-16.18
830.0	58.03	-15.36
831.0	58.23	-14.54
832.0	58.42	-13.71
833.0	58.61	-12.89
834.0	58.81	-12.07
835.0	59.00	-11.25
836.0	59.20	-10.42
837.0	59.40	-9.60
838.0	59.59	-8.78
839.0	59.79	-7.96
840.0	59.99	-7.13
841.0	60.19	-6.31
842.0	60.39	-5.49
843.0	60.59	-4.66
844.0	60.79	-3.84
845.0	60.99	-3.02
846.0	61.19	-2.20
847.0	61.39	-1.37
848.0	61.60	-0.55
849.0	61.80	0.27
850.0	62.01	1.10
851.0	62.21	1.92
852.0	62.42	2.74
853.0	62.62	3.57
854.0	62.83	4.39
855.0	63.04	5.21
856.0	63.25	6.04
857.0	63.45	6.86
858.0	63.66	7.69
859.0	63.87	8.51
860.0	64.09	9.34
861.0	64.30	10.16
862.0	64.51	10.99
863.0	64.72	11.81
864.0	64.93	12.64
865.0	65.15	13.46
866.0	65.36	14.29
867.0	65.58	15.11
868.0	65.80	15.94
869.0	66.01	16.76
870.0	66.23	17.59
871.0	66.45	18.42
872.0	66.67	19.24
873.0	66.89	20.07
874.0	67.11	20.90
875.0	67.33	21.73
876.0	67.55	22.55
877.0	67.77	23.38
878.0	67.99	24.21
879.0	68.22	25.04
880.0	68.44	25.87
881.0	68.67	26.70
882.0	68.89	27.53
883.0	69.12	28.36
884.0	69.34	29.19
885.0	69.57	30.02
886.0	69.80	30.85
887.0	70.03	31.68
888.0	70.26	32.51
889.0	70.49	33.34
890.0	70.72	34.17
891.0	70.95	35.00
892.0	71.19	35.84
893.0	71.42	36.67
894.0	71.66	37.50
895.0	71.89	38.34
896.0	72.13	39.17
897.0	72.36	40.00
898.0	72.60	40.84
899.0	72.84	41.67
900.0	73.08	42.51
901.0	73.32	43.34
902.0	73.56	44.18
903.0	73.80	45.02
904.0	74.04	45.85
905.0	74.28	46.69
906.0	74.53	47.53
907.0	74.77	48.37
908.0	75.01	49.21
909.0	75.26	50.05
910.0	75.51	50.89
911.0	75.75	51.73
912.0	76.00	52.57
913.0	76.25	53.41
914.0	76.50	54.25
915.0	76.75	55.09
916.0	77.00	55.93
917.0	77.26	56.78
918.0	77.51	57.62
919.0	77.76	58.46
920.0	78.02	59.31
921.0	78.27	60.15
922.0	78.53	61.00
923.0	78.79	61.85
924.0	79.04	62.69
925.0	79.30	63.54
926.0	79.56	64.39
927.0	79.82	65.24
928.0	80.08	66.08
929.0	80.35	66.93
930.0	80.61	67.78
931.0	80.87	68.63
932.0	81.14	69.49
933.0	81.40	70.34
934.0	81.67	71.19
935.0	81.94	72.04
936.0	82.20	72.90
937.0	82.47	73.75
938.0	82.74	74.61
939.0	83.01	75.46
940.0	83.29	76.32
941.0	83.56	77.17
942.0	83.83	78.03
943.0	84.11	78.89
944.0	84.38	79.75
945.0	84.66	80.61
946.0	84.94	81.47
947.0	85.21	82.33
948.0	85.49	83.19
949.0	85.77	84.05
950.0	86.05	84.92
951.0	86.34	85.78
952.0	86.62	86.64
953.0	86.90	87.51
954.0	87.19	88.38
955.0	87.47	89.24
956.0	87.76	90.11
957.0	88.05	90.98
958.0	88.33	91.85
959.0	88.62	92.72
960.0	88.91	93.59
961.0	89.21	94.46
962.0	89.50	95.33
963.0	89.79	96.20
964.0	90.09	97.08
965.0	90.38	97.95
966.0	90.68	98.83
967.0	90.98	99.70
968.0	91.27	100.58
969.0	91.57	101.46
970.0	91.87	102.34
971.0	92.17	103.22
972.0	92.48	104.10
973.0	92.78	104.98
974.0	93.09	105.86
975.0	93.39	106.74
976.0	93.70	107.63
977.0	94.01	108.51
978.0	94.31	109.40
979.0	94.62	110.28
980.0	94.93	111.17
981.0	95.25	112.06
982.0	95.56	112.95
983.0	95.87	113.84
984.0	96.19	114.73
985.0	96.51	115.62
986.0	96.82	116.52
987.0	97.14	117.41
988.0	97.46	118.31
989.0	97.78	119.20
990.0	98.10	120.10
991.0	98.43	121.00
992.0	98.75	121.90
993.0	99.08	122.80
994.0	99.40	123.70
995.0	99.73	124.60
996.0	100.06	125.50
997.0	100.39	126.41
998.0	100.72	127.31
999.0	101.05	128.22
1000.0	101.38	129.13
1001.0	101.72	130.04
1002.0	102.05	130.95
1003.0	102.39	131.86
1004.0	102.73	132.77
1005.0	103.07	133.68
1006.0	103.41	134.60
1007.0	103.75	135.51
1008.0	104.09	136.43
1009.0	104.44	137.35
1010.0	104.78	138.27
1011.0	105.13	139.19
1012.0	105.47	140.11
1013.0	105.82	141.03
1014.0	106.17	141.95
1015.0	106.53	142.88
1016.0	106.88	143.81
1017.0	107.23	144.73
1018.0	107.59	145.66
1019.0	107.94	146.59
1020.0	108.30	147.52
1021.0	108.66	148.46
1022.0	109.02	149.39
1023.0	109.38	150.32
1024.0	109.75	151.26
1025.0	110.11	152.20
1026.0	110.47	153.14
1027.0	110.84	154.08
1028.0	111.21	155.02
1029.0	111.58	155.96
1030.0	111.95	156.90
1031.0	112.32	157.85
1032.0	112.70	158.80
1033.0	113.07	159.74
1034.0	113.45	160.69
1035.0	113.83	161.64
1036.0	114.20	162.60
1037.0	114.59	163.55
1038.0	114.97	164.50
1039.0	115.35	165.46
1040.0	115.74	166.42
1041.0	116.12	167.38
1042.0	116.51	168.34
1043.0	116.90	169.30
1044.0	117.29	170.27
1045.0	117.68	171.23
1046.0	118.07	172.20
1047.0	118.47	173.17
1048.0	118.87	174.13
1049.0	119.26	175.11
1050.0	119.66	176.08
1051.0	120.06	177.05
1052.0	120.47	178.03
1053.0	120.87	179.01
1054.0	121.27	179.98
1055.0	121.68	180.97
1056.0	122.09	181.95
1057.0	122.50	182.93
1058.0	122.91	183.92
1059.0	123.32	184.90
1060.0	123.74	185.89
1061.0	124.15	186.88
1062.0	124.57	187.87
1063.0	124.99	188.87
1064.0	125.41	189.86
1065.0	125.84	190.86
1066.0	126.26	191.86
1067.0	126.69	192.86
1068.0	127.11	193.86
1069.0	127.54	194.86
1070.0	127.97	195.87
1071.0	128.40	196.88
1072.0	128.84	197.88
1073.0	129.27	198.90
1074.0	129.71	199.91
1075.0	130.15	200.92
1076.0	130.59	201.94
1077.0	131.03	202.96
1078.0	131.48	203.98
1079.0	131.92	205.00
1080.0	132.37	206.02
1081.0	132.82	207.05
1082.0	133.27	208.07
1083.0	133.72	209.10
1084.0	134.18	210.13
1085.0	134.64	211.17
1086.0	135.09	212.20
1087.0	135.55	213.24
1088.0	136.02	214.28
1089.0	136.48	215.32
1090.0	136.94	216.36
1091.0	137.41	217.40
1092.0	137.88	218.45
1093.0	138.35	219.50
1094.0	138.82	220.55
1095.0	139.30	221.60
1096.0	139.78	222.66
1097.0	140.25	223.71
1098.0	140.73	224.77
1099.0	141.22	225.83
1100.0	141.70	226.89
1101.0	142.19	227.96
1102.0	142.68	229.03
1103.0	143.17	230.10
1104.0	143.66	231.17
1105.0	144.15	232.24
1106.0	144.65	233.32
1107.0	145.15	234.39
1108.0	145.65	235.47
1109.0	146.15	236.56
1110.0	146.65	237.64
1111.0	147.16	238.73
1112.0	147.67	239.82
1113.0	148.18	240.91
1114.0	148.69	242.00
1115.0	149.20	243.10
1116.0	149.72	244.20
1117.0	150.24	245.30
1118.0	150.76	246.40
1119.0	151.28	247.50
1120.0	151.81	248.61
1121.0	152.34	249.72
1122.0	152.86	250.83
1123.0	153.40	251.95
1124.0	153.93	253.07
1125.0	154.47	254.19
1126.0	155.00	255.31
1127.0	155.54	256.43
1128.0	156.09	257.56
1129.0	156.63	258.69
1130.0	157.18	259.82
1131.0	157.73	260.96
1132.0	158.28	262.09
1133.0	158.84	263.23
1134.0	159.39	264.38
1135.0	159.95	265.52
1136.0	160.51	266.67
1137.0	161.08	267.82
1138.0	161.64	268.97
1139.0	162.21	270.13
1140.0	162.78	271.28
1141.0	163.35	272.44
1142.0	163.93	273.61
1143.0	164.51	274.77
1144.0	165.09	275.94
1145.0	165.67	277.12
1146.0	166.26	278.29
1147.0	166.85	279.47
1148.0	167.44	280.65
1149.0	168.03	281.83
1150.0	168.62	283.02
1151.0	169.22	284.20
1152.0	169.82	285.40
1153.0	170.43	286.59
1154.0	171.03	287.79
1155.0	171.64	288.99
1156.0	172.25	290.19
1157.0	172.87	291.40
1158.0	173.48	292.61
1159.0	174.10	293.82
1160.0	174.73	295.03
1161.0	175.35	296.25
1162.0	175.98	297.47
1163.0	176.61	298.70
1164.0	177.24	299.93
1165.0	177.88	301.16
1166.0	178.52	302.39
1167.0	179.16	303.63
1168.0	179.80	304.87
1169.0	180.45	306.11
1170.0	181.10	307.36
1171.0	181.75	308.61
1172.0	182.41	309.86
1173.0	183.07	311.12
1174.0	183.73	312.38
1175.0	184.39	313.64
1176.0	185.06	314.90
1177.0	185.73	316.17
1178.0	186.41	317.45
1179.0	187.08	318.72
1180.0	187.76	320.00
1181.0	188.44	321.29
1182.0	189.13	322.57
1183.0	189.82	323.86
1184.0	190.51	325.16
1185.0	191.21	326.45
1186.0	191.91	327.76
1187.0	192.61	329.06
1188.0	193.31	330.37
1189.0	194.02	331.68
1190.0	194.73	333.00
1191.0	195.45	334.31
1192.0	196.17	335.64
1193.0	196.89	336.96
1194.0	197.61	338.29
1195.0	198.34	339.63
1196.0	199.07	340.96
1197.0	199.81	342.31
1198.0	200.54	343.65
1199.0	201.29	345.00
1200.0	202.03	346.35
